respo_proposed_light_5_16_respo_ave=[157.875, 157.875, 157.865, 157.93, 157.93, 158.25, 158.295, 158.28, 158.28, 158.28, 162.29, 162.29, 162.31, 162.27, 162.27, 162.205, 162.26, 162.265, 162.265, 162.265, 165.625, 165.625, 165.635, 165.68, 165.68, 166.12, 165.755, 165.76, 165.76, 165.76, 169.24, 169.24, 169.265, 169.345, 169.345, 169.625, 169.51, 169.51, 169.51, 169.51, 174.09, 174.09, 174.1, 174.095, 174.095, 174.295, 174.405, 174.405, 174.405, 174.405]

respo_proposed_light_5_24_respo_ave=[155.72, 155.72, 155.72, 155.72, 155.72, 155.73, 155.73, 155.73, 155.73, 155.73, 158.88, 158.88, 158.88, 158.88, 158.88, 158.88, 158.88, 158.88, 158.88, 158.88, 161.895, 161.895, 161.895, 161.895, 161.895, 161.915, 161.915, 161.915, 161.915, 161.915, 163.405, 163.405, 163.405, 163.405, 163.405, 163.43, 163.43, 163.43, 163.43, 163.43, 165.94, 165.94, 165.94, 165.94, 165.94, 165.955, 165.955, 165.955, 165.955, 165.955]

respo_proposed_light_5_32_respo_ave=[155.25, 155.25, 155.25, 155.25, 155.25, 155.25, 155.25, 155.25, 155.25, 155.25, 157.88, 157.88, 157.88, 157.88, 157.88, 157.88, 157.88, 157.88, 157.88, 157.88, 160.08, 160.08, 160.08, 160.08, 160.08, 160.08, 160.08, 160.08, 160.08, 160.08, 162.44, 162.44, 162.44, 162.44, 162.44, 162.44, 162.44, 162.44, 162.44, 162.44, 164.325, 164.325, 164.325, 164.325, 164.325, 164.325, 164.325, 164.325, 164.325, 164.325]

respo_proposed_light_8_10_respo_ave=[158.525, 158.525, 158.555, 158.665, 158.665, 159.075, 159.055, 159.085, 159.085, 159.085, 162.94, 162.94, 162.995, 162.945, 162.945, 163.41, 163.575, 163.625, 163.635, 163.635, 166.91, 166.91, 166.96, 166.96, 166.96, 168.085, 168.235, 168.26, 168.265, 168.265, 171.06, 171.06, 170.995, 171.165, 171.165, 172.1, 171.89, 171.91, 171.955, 171.955, 175.835, 175.835, 175.93, 175.955, 175.955, 176.92, 177.39, 177.385, 177.34, 177.34]

respo_proposed_light_8_15_respo_ave=[155.865, 155.865, 155.865, 155.865, 155.865, 155.91, 155.91, 155.91, 155.91, 155.91, 159.255, 159.255, 159.255, 159.255, 159.255, 159.275, 159.275, 159.275, 159.275, 159.275, 162.655, 162.655, 162.655, 162.66, 162.66, 162.705, 162.71, 162.71, 162.71, 162.71, 166.135, 166.135, 166.135, 166.14, 166.14, 166.195, 166.2, 166.2, 166.2, 166.2, 169.47, 169.47, 169.47, 169.475, 169.475, 169.545, 169.55, 169.55, 169.55, 169.55]

respo_proposed_light_8_20_respo_ave=[155.975, 155.975, 155.975, 155.975, 155.975, 155.975, 155.975, 155.975, 155.975, 155.975, 158.79, 158.79, 158.79, 158.79, 158.79, 158.79, 158.79, 158.79, 158.79, 158.79, 162.15, 162.15, 162.15, 162.15, 162.15, 162.15, 162.15, 162.15, 162.15, 162.15, 164.84, 164.84, 164.84, 164.84, 164.84, 164.84, 164.84, 164.84, 164.84, 164.84, 166.65, 166.65, 166.65, 166.65, 166.65, 166.65, 166.65, 166.65, 166.65, 166.65]

respo_proposed_light_10_8_respo_ave=[158.885, 158.885, 158.915, 159.025, 159.045, 159.7, 159.83, 159.845, 159.85, 159.85, 164.445, 164.44, 163.97, 164.02, 164.02, 164.695, 164.86, 164.9, 164.9, 164.9, 168.005, 168.005, 168.03, 168.145, 168.125, 169.03, 169.09, 169.16, 169.18, 169.18, 173.735, 173.735, 173.725, 173.925, 173.91, 173.905, 174.175, 174.105, 174.135, 174.135, 176.56, 176.57, 177.065, 177.105, 177.135, 177.285, 177.415, 177.36, 177.365, 177.365]

respo_proposed_light_10_12_respo_ave=[156.115, 156.115, 156.115, 156.115, 156.115, 156.14, 156.14, 156.14, 156.14, 156.14, 159.315, 159.315, 159.315, 159.315, 159.315, 159.365, 159.365, 159.365, 159.365, 159.365, 162.315, 162.315, 162.315, 162.315, 162.315, 162.42, 162.42, 162.42, 162.42, 162.42, 166.67, 166.67, 166.67, 166.675, 166.675, 166.725, 166.73, 166.73, 166.73, 166.73, 170.0, 170.0, 170.005, 170.025, 170.025, 170.075, 170.095, 170.1, 170.1, 170.1]

respo_proposed_light_10_16_respo_ave=[155.795, 155.795, 155.795, 155.795, 155.795, 155.795, 155.795, 155.795, 155.795, 155.795, 159.41, 159.41, 159.41, 159.41, 159.41, 159.41, 159.41, 159.41, 159.41, 159.41, 162.505, 162.505, 162.505, 162.505, 162.505, 162.505, 162.505, 162.505, 162.505, 162.505, 165.24, 165.24, 165.24, 165.24, 165.24, 165.24, 165.24, 165.24, 165.24, 165.24, 168.225, 168.225, 168.225, 168.225, 168.225, 168.225, 168.225, 168.225, 168.225, 168.225]

respo_proposed_light_20_4_respo_ave=[159.8, 159.8, 159.86, 160.585, 160.6, 163.1, 164.075, 164.1, 164.115, 164.115, 166.925, 166.97, 167.055, 167.695, 167.72, 170.13, 170.18, 170.33, 170.36, 170.36, 174.265, 174.27, 174.325, 175.07, 175.07, 177.57, 177.92, 177.615, 177.68, 177.68, 182.185, 182.19, 182.32, 182.955, 182.99, 183.605, 184.845, 184.79, 184.835, 184.835, 189.715, 189.66, 189.935, 190.13, 190.175, 191.225, 191.445, 191.34, 191.41, 191.41]

respo_proposed_light_20_6_respo_ave=[157.54, 157.54, 157.54, 157.54, 157.54, 159.02, 159.02, 159.02, 159.02, 159.02, 163.415, 163.415, 163.415, 163.425, 163.425, 163.885, 163.885, 163.89, 163.89, 163.89, 167.93, 167.93, 167.93, 167.94, 167.94, 167.945, 167.96, 167.96, 167.96, 167.96, 172.33, 172.33, 172.33, 172.34, 172.34, 173.935, 173.95, 173.955, 173.955, 173.955, 178.755, 178.755, 178.755, 178.765, 178.765, 179.38, 179.4, 179.405, 179.405, 179.405]

respo_proposed_light_20_8_respo_ave=[156.675, 156.675, 156.675, 156.675, 156.675, 157.005, 157.005, 157.005, 157.005, 157.005, 161.565, 161.565, 161.565, 161.565, 161.565, 161.47, 161.47, 161.47, 161.47, 161.47, 163.99, 163.99, 163.99, 163.99, 163.99, 164.3, 164.3, 164.3, 164.3, 164.3, 168.37, 168.37, 168.37, 168.37, 168.37, 168.8, 168.8, 168.8, 168.8, 168.8, 170.755, 170.755, 170.755, 170.755, 170.755, 171.125, 171.125, 171.125, 171.125, 171.125]

